2.859909759602349943e+00
-2.309395607616306467e+00
-7.560838120422710418e-01
1.330791913541813587e+00
2.857820505751661688e+00
-2.360501057735598263e+00
-5.722138187853853530e-01
1.328384389847009794e+00
2.860515142102141972e+00
-2.403188931310024312e+00
-6.165623161082917081e-01
1.234516408260714737e+00
2.856138233509220914e+00
-2.356851534270406390e+00
-7.219326375373695814e-01
1.256471423029408285e+00
5.010400811087811945e+01
4.632640614807842638e+01
8.070917249674234739e+00
-1.729539978593730609e+01
2.855049592081780219e+00
-2.366901346652053650e+00
-6.883174100315114785e-01
1.253998064677234181e+00
2.860246051172674608e+00
-2.345827360990118127e+00
-7.177750146223439431e-01
1.288476883767630365e+00
2.860261669511312110e+00
-2.312322682287927034e+00
-7.714710753465682247e-01
1.317553439943835558e+00
2.862993468463351121e+00
-2.310919538332936618e+00
-7.485034647933497265e-01
1.339058079870714124e+00
5.051220150972264378e+01
4.196064512445590822e+01
-1.511309406091912955e+01
-2.369371594102432965e+01
1.644235640942626420e+00
1.632021227783128747e+00
1.634098094769153686e+00
1.632011366544410480e+00
-6.909310814286881985e+00
1.644389762598290838e+00
1.632094712055965458e+00
1.639162585460786969e+00
1.621918128083656541e+00
4.638277577726701018e-01
5.254132575363171798e-01
5.031748690544514124e-01
5.158175334601937667e-01
4.995470802808972821e-01
3.235670306049591161e-01
5.073854695590056529e-01
5.156419369467354352e-01
5.195159657641746920e-01
5.121754519474885914e-01
2.823079709075391186e+00
