3.264049857516825082e+00
-1.292140297272619032e+00
2.467800215184119850e+00
1.545455150245302223e+00
3.283071938269568779e+00
2.876273488846299298e-01
6.233566611324679041e-01
3.130586543389973997e+00
2.101329490186004401e-01
1.147740752080172455e-01
-3.488199713200865887e-02
-1.724770420929032655e-01
3.784592149682897144e+00
-1.773594104133137117e+00
-3.072376075964084130e+00
1.110422158442256890e+00
3.897057290950520336e+00
-2.220380009731542259e+00
-3.023113713051898355e+00
7.824665685241249946e-01
2.381166382270858861e+01
1.316048776070380910e+01
-1.526404644966504343e+01
-1.265734956928447552e+01
3.373523983672140680e+00
-5.820215346113496446e-01
3.000195968391512924e+00
1.238144558121965888e+00
2.942220458610089295e+00
-2.107054363650445516e+00
3.654808429280619886e-01
1.892115581733524010e+00
3.363161568840819182e+00
-6.266048708057259109e-01
2.565721552159236918e+00
1.956937445575079426e+00
1.220342922186045520e+01
1.105978317628973429e+01
2.424935352541204736e+00
-4.552368995312591871e+00
1.456382543560891030e+00
1.507765378896553043e+00
-3.966726691745025679e+00
1.025151754858596886e+00
8.283250406461731830e-01
-2.154375006483287613e+00
2.207647163037560922e+00
9.198845717183112836e-01
1.478635580264871185e+00
1.812950697648683329e+00
3.350050265171657937e+00
3.494998439038986326e+00
2.521872671848696346e+00
3.355841359836418292e+00
2.563967459900110324e+00
2.951091465607417419e+00
2.841509945927730652e+00
3.529488517621494292e+00
3.050273670643948609e+00
4.186149355110752701e+00
