2.417422856673478115e+00
-1.892460789454664338e+00
-5.600154388312649223e-01
-1.200197942706220156e+00
2.253158831006866869e+00
-1.574149683327196625e+00
-1.437374363442107894e+00
-1.522192579340519991e-01
3.162707724314305580e+00
-5.673663746114345763e-01
2.986046082370264365e+00
5.045591569247521724e-01
2.869643943726789548e+00
4.390377886370353672e-02
-5.855600935805329588e-01
2.717360737754939137e+00
2.840551083971368573e+00
-2.346368967920152981e-01
1.999556347968265702e-01
2.732611686641159388e+00
2.307090615226454755e+00
-1.477422498394406425e+00
5.545999291252418084e-01
1.525558919981768957e+00
2.542705718987878782e+00
-1.575227332069302655e+00
-2.763539411530035461e-01
-1.842799388172737807e+00
2.309971647108428172e+00
-1.828054836927032190e+00
-9.550144602324018850e-01
-7.568967981525395183e-01
2.728921780081936532e+00
-1.389570661590372680e+00
-9.231479677115328464e-02
-2.234973353561098275e+00
4.575141846309520588e+00
3.935907247540630927e+00
-9.520547193440414002e-01
-2.129318444240353880e+00
1.189304714303434984e+00
1.136624916092702220e+00
1.379791451315924622e+00
4.440293788105950656e-01
3.137303101404689820e-01
3.679891220002808327e-01
1.786239188201515171e+00
1.111772145215035978e+00
1.959802169915115799e+00
-3.757419741416157533e-01
2.823861704204597256e+00
2.354420729559078662e+00
2.442329551821677214e+00
2.712669327898194815e+00
2.819018884400281699e+00
2.687094976412362168e+00
2.469217902656956287e+00
2.504627731034038796e+00
2.339021302957254189e+00
4.502733289577285802e+00
