[[ 0.07832395  0.1621459   0.06564623]
 [ 0.48070359  0.85857018  0.33937659]
 [ 0.89591042  1.40247481  0.48871957]
 [ 1.31763636  1.77115758  0.44787623]
 [ 1.70571718  1.97457123  0.22301057]
 [ 2.12304042  2.00122967 -0.09926341]
 [ 2.52429653  1.86269452 -0.3776873 ]
 [ 2.94075211  1.55224561 -0.4769534 ]
 [ 3.34216146  1.08786041 -0.41291933]
 [ 3.76649547  0.45535411 -0.18857183]],[[ 0.08628366  0.14841792  0.07357659]
 [ 0.51212863  0.86896742  0.34617767]
 [ 0.90344486  1.37939022  0.49071593]
 [ 1.30101989  1.7480541   0.45041855]
 [ 1.70722478  1.95110624  0.22161619]
 [ 2.12185546  1.98881768 -0.08929051]
 [ 2.52422714  1.84991632 -0.39040302]
 [ 2.94353897  1.5412711  -0.50484037]
 [ 3.3584108   1.09322441 -0.43295247]
 [ 3.75534415  0.4417129  -0.17868349]],[[ 0.10751835  0.16905199  0.0702657 ]
 [ 0.50338793  0.86105009  0.34206698]
 [ 0.89925119  1.38887971  0.48210089]
 [ 1.32675916  1.75677227  0.45774825]
 [ 1.71049346  1.94655066  0.20253553]
 [ 2.13195243  1.98188214 -0.0957693 ]
 [ 2.52813496  1.87208978 -0.3768809 ]
 [ 2.93831881  1.56310842 -0.50826418]
 [ 3.33554987  1.07556743 -0.44262661]
 [ 3.73880526  0.47757163 -0.19567848]],[[ 0.07163935  0.16466841  0.04499155]
 [ 0.48911797  0.86132887  0.34127795]
 [ 0.89384485  1.40409721  0.49971445]
 [ 1.30984515  1.76204168  0.43514745]
 [ 1.70248668  1.95738716  0.20920959]
 [ 2.11490437  1.99909505 -0.09270779]
 [ 2.53583008  1.85891181 -0.36767792]
 [ 2.92947988  1.5598001  -0.49432658]
 [ 3.32645481  1.09989002 -0.43223619]
 [ 3.75270598  0.46103223 -0.19303211]],[[ 0.08065365  0.15290457  0.05873223]
 [ 0.48583866  0.8554893   0.33857201]
 [ 0.8995669   1.40324816  0.49402141]
 [ 1.31433188  1.76473801  0.42884663]
 [ 1.69967984  1.95553693  0.21009392]
 [ 2.11753215  1.97993845 -0.08794425]
 [ 2.52518838  1.86935639 -0.37011112]
 [ 2.92887717  1.56051307 -0.48407533]
 [ 3.35048586  1.10351128 -0.4279262 ]
 [ 3.74541924  0.46516181 -0.18328677]]
[[ 2.19792892  3.43153345  1.21638789]
 [ 1.52138438  2.76966173  1.14903714]
 [ 1.6302443   1.72781211  0.26705405]
 [ 1.55793335  0.92748657 -0.20703906]
 [ 1.15046815  0.58546801 -0.9343382 ]
 [ 0.87692091 -0.04624214 -0.80805395]
 [ 0.69872771 -0.45026302 -0.38680739]
 [ 0.56589525 -0.53961331 -0.07013732]
 [ 0.33466244 -0.46422992  0.12205783]
 [ 0.11646756 -0.22443814  0.08190243]],[[ 1.66311976  3.62521785  1.62289816]
 [ 1.69527274  2.67032099  1.058435  ]
 [ 1.63242582  1.74909338  0.1801411 ]
 [ 1.35548417  1.09248119 -0.43426608]
 [ 1.20903217  0.31882878 -0.94151037]
 [ 0.79571306 -0.12311428 -0.67467607]
 [ 0.68522141 -0.38050466 -0.39096333]
 [ 0.522732   -0.4616729  -0.08010919]
 [ 0.33825315 -0.43140103  0.12453054]
 [ 0.11384745 -0.21227442  0.09139513]],[[ 1.98627115  4.15065623  1.6937974 ]
 [ 1.46345468  2.57652652  0.89359507]
 [ 1.56404143  1.5876179   0.11729542]
 [ 1.36638458  0.65718854 -0.38714503]
 [ 1.13897272  0.49008968 -0.90585934]
 [ 1.01592295 -0.02724598 -0.62978092]
 [ 0.65951232 -0.36201255 -0.32959662]
 [ 0.51002479 -0.5124436  -0.07502007]
 [ 0.30691634 -0.4452774   0.13188217]
 [ 0.13123952 -0.21969997  0.08257744]],[[ 2.00202802  3.73110327  1.6556973 ]
 [ 1.86048009  2.97603759  0.94265128]
 [ 1.61352121  1.81524508  0.18199359]
 [ 1.21005456  0.80249066 -0.27355319]
 [ 1.1728405   0.23980232 -0.70882941]
 [ 1.03029055 -0.08017527 -0.54260931]
 [ 0.73556338 -0.33022877 -0.41442476]
 [ 0.5183358  -0.57791069 -0.02194717]
 [ 0.31039856 -0.44138155  0.11715487]
 [ 0.14158292 -0.2048308   0.08202352]],[[ 2.24176169  3.93999145  1.40899329]
 [ 1.74163318  2.67160388  1.07017153]
 [ 1.5618999   1.83940761  0.25930697]
 [ 1.14914195  1.2232837  -0.50835535]
 [ 1.27158107  0.3530646  -0.72775104]
 [ 1.01176155 -0.00468386 -0.7600749 ]
 [ 0.75965002 -0.44552182 -0.44639286]
 [ 0.55712464 -0.51122803 -0.01295644]
 [ 0.34079049 -0.45585009  0.11781947]
 [ 0.12639158 -0.19968624  0.08706997]]
[0.04081633 0.24489796 0.44897959 0.65306122 0.85714286 1.06122449
 1.26530612 1.46938776 1.67346939 1.87755102],[0.04081633 0.24489796 0.44897959 0.65306122 0.85714286 1.06122449
 1.26530612 1.46938776 1.67346939 1.87755102],[0.04081633 0.24489796 0.44897959 0.65306122 0.85714286 1.06122449
 1.26530612 1.46938776 1.67346939 1.87755102],[0.04081633 0.24489796 0.44897959 0.65306122 0.85714286 1.06122449
 1.26530612 1.46938776 1.67346939 1.87755102],[0.04081633 0.24489796 0.44897959 0.65306122 0.85714286 1.06122449
 1.26530612 1.46938776 1.67346939 1.87755102]
