5.477989460228831931e+00
2.698024756830150306e+00
-2.676431735832273118e-01
-4.706561288171342561e+00
6.625328338932388483e+00
-2.426796746794624315e+00
5.259074760094997636e+00
3.138038363711507905e+00
1.036540065393897514e+01
9.624376296644534534e+00
2.374238871592455169e+00
-3.028989304469506205e+00
1.017680539657971828e+01
-3.580076586986002507e+00
-9.291969649568851963e+00
1.977258235528988273e+00
9.688196781052907269e+00
-4.001542858423910332e+00
-8.794304783571881501e+00
9.281928689891341677e-02
8.049520796397340305e+00
5.253981674205970842e-01
-7.959806177085199330e+00
8.122372450571733182e-01
6.917686199953376303e+00
-2.121521345333475583e+00
6.472102987628205462e+00
-9.822918807802496488e-01
7.035744508353057647e+00
-6.602676323155080240e+00
-2.005713555911432966e+00
1.175999076379041552e+00
9.375867359775755361e+00
-8.220472507054984446e-01
6.502947623008076050e+00
6.666517316773067137e+00
3.648310639057386062e+00
1.406093991622933137e+00
-3.282111993478575851e+00
-2.374371268824430892e-01
4.435975767045409413e+00
4.583646951725300234e+00
8.836710354020779756e-02
1.498623142932135055e+00
7.285714460896206557e-01
3.469103774586508870e-01
4.269630815416650016e+00
1.715059313262636609e+00
4.443937367002058991e+00
2.686125038023083889e+00
9.436893094742771382e+00
9.560077562420271846e+00
7.080726370474024201e+00
1.168965926313083514e+01
8.146558735841271215e+00
5.998984706894576746e+00
9.027190826433562520e+00
1.088135508408068297e+01
8.601629695726035862e+00
1.945902615068002817e+01
