1.479133455846192469e+01
9.510158539989587156e-01
-6.277933593796804601e+00
-1.334467407663855809e+01
3.497452755141225111e+00
-3.302041012928995212e+00
-7.700492487118756335e-01
4.815139944344174472e-01
4.811986070113571934e+00
-6.937581211738054199e-01
4.401394330382785824e+00
1.672034642622378220e+00
4.228990568884758439e+00
-6.651531309679497017e-01
2.751752101632941039e-01
4.106321157185877979e+00
4.032480817062179312e+00
-1.017819403819293145e+00
1.422272022879295772e+00
3.563447057420382702e+00
3.964778157573144224e+00
-1.808069928994234354e+00
2.829702753738510879e+00
1.984712440492745644e+00
4.049748804685211923e+01
9.430297612184133982e+00
1.642901653381900218e+01
-3.578913879619645400e+01
7.246349286752250263e-02
5.865051015134827711e-02
-2.388803488420802520e-02
-3.330633596327639556e-02
4.142467351341683646e+00
-3.876746735925878262e+00
-1.266767966662873945e+00
-1.525380006075171546e-01
4.244731439217235902e+01
4.037033325076542667e+01
-8.433151713225415236e+00
-1.004112929552571032e+01
-7.196562513346457246e-01
1.735585190190881422e+00
1.678731280118014313e+00
1.017600536438512560e+00
8.982314226434883198e-01
1.194731926478101780e+00
-8.521409779314502941e+00
5.976117072548069231e+00
7.330733330123266889e-01
-1.387651249604607706e+01
5.750626882272850793e+00
4.152811644090314225e+00
5.693159096652297357e+00
4.973483331832706078e+00
4.468063942041280434e+00
5.435281310390750242e+00
5.592853012464717111e+00
5.330686154348929229e+00
4.873050116614898286e+00
3.163479401299110538e+00
