3.017234417416039260e+00
-4.124785521458912974e-01
2.846844907152922044e+00
5.666353235909383779e-01
2.496708016328305746e+00
4.731408552417131763e-01
3.502563926696091179e-01
2.319072934711967182e+00
1.669394536153729192e+01
1.355759808833362356e+01
9.389150579448994449e+00
2.526123267438287634e+00
3.270153656867266889e+00
1.389506059314330466e+00
-2.441364189668073781e+00
1.512966572550730193e+00
1.494116032056354904e+01
1.111231112442272106e+01
-8.010414136990357648e+00
-5.941372806741431312e+00
2.137064106686669973e+01
1.951627780905587883e+01
6.017557524242312716e+00
6.267519255096233977e+00
1.579852401150971808e+01
9.999112922469157283e+00
1.113914556525349653e+01
-5.019862175165339835e+00
3.555394484089517970e+00
-1.557807745846108816e+00
-1.650349260120411277e+00
2.643623521415002564e+00
2.579657661439346494e+00
-9.076540535421183664e-01
9.415065587163633509e-01
2.106705900131082387e+00
1.930697358019065746e+01
1.806033918680157768e+01
3.646959401462179784e+00
-5.767829118169847114e+00
1.959416234491707876e+00
2.235373129788095881e+00
-8.113022049289017046e-01
2.878746970274347117e+00
1.256062648964735073e+00
-9.201450417070711651e+00
-6.974898056524976298e+00
1.651073159673114965e+00
1.059975467413875494e+00
1.768475656339876911e+00
2.781428161545046684e+00
1.351187313776291088e+00
5.597674346561214875e+00
2.447266019372429824e+00
3.050078733282666210e+00
8.629181590900406595e-01
6.295954851218375781e-02
2.080028684018111473e+00
3.448826305186824648e+00
4.677153852163028702e+00
