2.915830678549833799e+00
-2.754439951403187870e+00
5.310549168926973485e-01
-3.568296256906315911e-01
3.006046087087665519e+00
-2.777346876111928875e+00
-3.117937275011289922e-01
8.494404845651057911e-01
2.966445694054612670e+00
-2.474208472975233164e+00
1.409167021986571289e+00
4.318355854744115319e-01
3.005132531144186103e+00
-1.370948837732098635e+00
-1.654566918556872324e+00
1.977030953695839699e+00
1.892030348659713823e+01
1.569944699825145484e+01
-7.256762089222529966e+00
-7.668735324810278975e+00
2.578005681149020401e+00
-2.094254682873834650e+00
6.325630295799283820e-01
1.164106980374332689e+00
5.673779801687903301e+01
3.962115704724925536e+01
-2.080822507202458738e+01
-3.487016736624897106e+01
3.697831983869506445e+01
3.657188880441494661e+01
1.899856522059384822e+00
-5.124271270803961720e+00
2.979002616719479413e+00
-2.336691995125347088e+00
-1.679817776964518394e+00
2.954169495411116397e-01
2.778871740147118796e+00
-2.193420230540879423e+00
-1.544633614236807340e+00
-1.325019308391131023e-01
1.516231538255171651e+00
1.389792343901110894e-01
1.631348662032395369e+00
1.252832267579433445e+00
2.166591146260082201e+00
2.062699494726907279e+00
-5.330248693636361335e-01
-1.029029007089412850e+01
1.292608327952637470e+00
2.328040882932322475e+00
1.262431681706645437e+00
1.430673266312077141e+00
2.571000271145995164e+00
3.355704146353203576e+00
5.441128369465699777e+00
2.110400974591660095e+00
3.227991824201542848e+00
8.237011347800666794e-01
2.128718329358727068e+00
3.012754919151786837e+00
